SE Image descriptor
magnification:26391.201172
objective Lens:0.325544
filter:0
beamEnergy:5998
gunLens:1.200000
seDwellTime(us):10.0
